2147483647C
72691733 3189
55612 1
20949 1
21395 1
21553 1
21824 1
21062 1
24800 1
22065 1
21694 1
21045 1
21052 1
22127 1
21368 1
21678 1
21088 1
22997 1
21014 1
21008 1
21388 1
21375 1
21293 1
21358 1
21060 1
21373 1
21056 1
21423 1
25059 1
21463 1
21030 1
24135 1
21845 1
24327 1
21385 1
21057 1
21818 1
22397 1
22229 1
55611 1
20989 1
21011 1
18800 1
21473 1
21844 1
20374 1
21490 1
21237 1
21001 1
21617 1
20921 1
21018 1
20440 1
21220 1
21022 1
21217 1
20380 1
21114 1
21379 1
21026 1
21178 1
22791 1
20385 1
21009 1
20409 1
21695 1
21576 1
21373 1
22224 1
21043 1
21343 1
20744 1
21301 1
21041 1
21035 1
21406 1
20756 1
24309 1
21168 1
21681 1
21121 1
21708 1
21397 1
21421 1
21016 1
21505 1
21496 1
22428 1
20390 1
20527 1
21125 1
21082 1
18798 1
20924 1
21072 1
21438 1
55613 1
20377 1
21079 1
25054 1
21613 1
21008 1
21053 1
21067 1
21234 1
21543 1
21805 1
21010 1
21038 1
21382 1
21116 1
31392 1
21825 1
25194 1
21384 1
21526 1
21008 1
21046 1
24304 1
21195 1
21484 1
21078 1
21216 1
25030 1
21022 1
25111 1
21148 1
21351 1
21064 1
20385 1
22436 1
21241 1
21080 1
20522 1
21148 1
55601 1
21405 1
21039 1
25310 1
21283 1
21249 1
18832 1
21377 1
21121 1
21066 1
21367 1
18826 1
21223 1
21050 1
22422 1
20564 1
24309 1
20903 1
21859 1
21225 1
21072 1
24901 1
21348 1
20387 1
24971 1
24360 1
21606 1
21006 1
21479 1
23464 1
22380 1
24363 1
22379 1
21249 1
21278 1
21366 1
25264 1
25237 1
21059 1
21800 1
24572 1
20905 1
20503 1
21121 1
20896 1
21854 1
23103 1
21351 1
25149 1
21545 1
22178 1
21081 1
25327 1
21050 1
21380 1
25193 1
55615 1
20524 1
21542 1
25037 1
25008 1
21383 1
25227 1
20373 1
21289 1
24900 1
24806 1
21300 1
21054 1
21248 1
21820 1
23908 1
21067 1
21341 1
25011 1
21145 1
25329 1
20377 1
21156 1
20897 1
21076 1
22157 1
23905 1
21434 1
23561 1
24792 1
24279 1
21161 1
25313 1
21791 1
24787 1
20383 1
21043 1
24361 1
25311 1
21036 1
22006 1
23966 1
21268 1
24776 1
22369 1
21230 1
24888 1
21028 1
24771 1
24311 1
21256 1
21389 1
24309 1
20890 1
24991 1
21263 1
21835 1
20888 1
24975 1
24100 1
23044 1
25174 1
24820 1
55598 1
21052 1
25091 1
21279 1
24774 1
21475 1
21033 1
21268 1
24110 1
25046 1
25031 1
25768 1
23924 1
21572 1
25101 1
18811 1
21274 1
21051 1
21377 1
20382 1
22599 1
25226 1
21078 1
21254 1
21796 1
24314 1
